RUNING CASE#3
==============================
OUTPUT:
2 3 4 5 6 7 8 9 10 10 
2 3 4 5 6 7 8 9 9 10 
2 3 4 5 6 7 8 8 9 10 
2 3 4 5 6 7 7 8 9 10 
2 3 4 5 6 6 7 8 9 10 
2 3 4 5 5 6 7 8 9 10 
2 3 4 4 5 6 7 8 9 10 
2 3 3 4 5 6 7 8 9 10 
1 2 3 4 5 6 7 8 9 10 
EXPECTED:
    2 3 4 5 6 7 8 9 10 10
    2 3 4 5 6 7 8 9 9 10
    2 3 4 5 6 7 8 8 9 10
    2 3 4 5 6 7 7 8 9 10
    2 3 4 5 6 6 7 8 9 10
    2 3 4 5 5 6 7 8 9 10
    2 3 4 4 5 6 7 8 9 10
    2 3 3 4 5 6 7 8 9 10
    2 2 3 4 5 6 7 8 9 10
    1 2 3 4 5 6 7 8 9 10
------------------------------
testing code done in 16ms
